40
40
16
242
5
0
11
23
4
3
0
22
12
1
1
0
29
11
4
0
0
4
23
5
5
0
8
1
4
5
0
9
2
4
4
0
37
17
4
4
0
0
39
4
3
0
4
36
1
5
0
0
12
4
3
0
24
37
1
1
0
17
38
4
3
0
17
32
1
4
0
22
39
4
1
0
16
33
4
4
0
32
35
4
2
0
12
18
7
5
0
21
30
4
1
0
17
18
4
2
0
36
11
7
5
0
18
27
4
1
0
19
1
4
5
0
30
27
4
2
0
15
39
7
5
0
33
14
4
0
0
6
37
5
3
0
11
4
1
2
0
11
28
7
4
0
6
27
4
1
0
7
13
4
5
0
33
35
4
5
0
3
13
4
5
0
38
35
4
5
0
13
39
4
4
0
6
17
4
3
0
3
7
1
3
0
15
31
1
5
0
24
1
4
5
0
15
30
4
1
0
18
7
4
1
0
32
27
4
1
0
33
11
4
3
0
12
32
1
1
0
18
6
4
2
0
33
26
7
5
0
35
26
4
0
0
24
8
5
5
0
33
33
4
4
0
0
8
4
0
0
5
16
5
5
0
21
35
4
5
0
3
10
4
0
0
35
1
5
0
0
37
32
5
0
0
18
32
5
3
0
2
3
1
5
0
18
31
4
5
0
0
13
4
5
0
2
11
4
2
0
18
3
7
0
0
4
16
5
1
0
7
24
4
3
0
19
15
1
4
0
27
25
4
4
0
19
26
4
1
0
28
8
4
5
0
37
27
4
4
0
18
34
4
4
0
38
39
4
3
0
4
39
1
5
0
22
33
4
5
0
26
7
4
5
0
31
33
4
3
0
36
29
1
0
0
36
18
5
1
0
31
30
4
0
0
28
39
5
3
0
26
36
1
3
0
36
4
1
5
0
18
0
4
5
0
16
31
4
4
0
12
4
4
2
0
32
33
7
5
0
9
11
4
2
0
20
36
7
3
0
1
30
1
5
0
10
32
4
4
0
27
1
4
4
0
37
5
4
5
0
15
35
4
5
0
22
4
4
2
0
24
0
7
5
0
14
31
4
1
0
20
1
4
0
0
6
38
5
2
0
15
14
7
2
0
4
17
7
5
0
8
35
4
0
0
5
36
5
0
0
24
22
5
3
0
12
25
1
5
0
22
8
4
3
0
10
16
1
2
0
34
28
7
1
0
35
0
4
1
0
35
20
4
2
0
31
4
7
5
0
8
17
4
1
0
30
11
4
1
0
16
7
4
2
0
1
32
7
0
0
16
9
5
5
0
26
37
4
5
0
20
6
4
0
0
22
24
5
2
0
0
5
7
3
0
9
31
1
4
0
22
31
4
1
0
31
22
4
5
0
13
36
4
3
0
28
23
1
2
0
30
28
7
6
0
14
30
0
9
0
6
32
0
8
0
39
30
0
9
0
6
39
0
9
0
32
15
0
7
0
20
27
0
10
0
0
23
0
10
0
32
7
0
8
0
12
34
0
6
0
18
30
0
10
0
34
37
0
9
0
39
9
0
6
0
13
10
0
10
0
33
4
0
9
0
25
1
0
9
0
28
17
0
9
0
21
6
0
9
0
18
4
0
9
0
21
17
0
8
0
11
13
0
7
0
2
25
0
9
0
10
6
0
10
0
37
9
0
9
0
7
22
0
8
0
36
37
0
9
0
22
0
0
10
0
8
8
0
10
0
25
11
0
10
0
12
21
0
10
0
29
18
0
8
0
34
4
0
7
0
11
9
0
8
0
17
9
0
9
0
21
15
0
10
0
4
4
0
10
0
39
0
0
6
0
33
2
0
8
0
26
9
0
7
0
0
2
0
7
0
4
22
0
9
0
9
24
0
8
0
21
37
0
10
0
22
15
0
10
0
37
21
0
6
0
16
35
0
10
0
4
20
4
10
0
12
22
0
6
0
1
6
0
9
0
17
5
0
10
0
7
7
0
10
0
5
3
0
8
0
12
12
0
6
0
5
25
0
8
0
20
38
0
6
0
19
29
0
9
0
21
18
0
7
0
1
1
0
8
0
12
11
0
9
0
32
14
0
9
0
22
7
0
8
0
13
13
0
6
0
18
29
0
8
0
10
12
0
9
0
9
5
0
9
0
10
25
0
9
0
20
18
0
10
0
13
21
0
8
0
27
8
0
7
0
5
21
0
9
0
21
7
0
9
0
29
16
0
8
0
35
4
0
7
0
11
10
0
8
0
25
8
0
8
0
38
30
0
6
0
18
31
0
9
0
8
22
0
8
0
36
38
0
7
0
12
8
0
9
0
33
14
0
7
0
10
8
0
7
0
1
3
0
7
0
5
22
0
8
0
10
11
0
6
0
14
11
0
8
0
18
10
0
8
0
14
13
0
6
0
18
28
0
7
0
4
21
0
7
0
13
8
0
7
0
1
4
0
9
0
38
10
0
8
0
37
38
0
7
0
2
4
0
9
0
5
33
0
9
0
38
9
0
6
0
6
26
0
8
0
11
34
0
9
0
24
2
0
8
0
21
38
0
6
0
15
12
0
7
0
13
7
0
9
0
10
24
0
9
0
31
13
0
9
0
23
6
0
8
0
13
12
0
9
0
9
23
0
8
0
9
12
0
9
0
6
33
0
9
0
38
8
0
6
0
16
11
0
8
0
38
29
0
6
0
13
9
0
6
0
0
7
0
7
0
3
20
0
7
0
12
7
0
9
0
6
34
0
9
0
22
6
0
0
0
18
22
5
4
0
16
22
4
